Values for the energy of the high-energetic photons in GeV, Corresponding values for the flux (nu*F_nu) in GeV/(s*cm^2)
0.06423525541092341 2.827378007076438e-10
0.0680229117483524 2.937777492435208e-10
0.072033908686495 3.051806495886044e-10
0.07628141558906405 3.1696156073928386e-10
0.08077937835632722 3.29125460254673e-10
0.08554256521388096 3.416868251030181e-10
0.09058661520137716 3.546591385247987e-10
0.09592808952040652 3.6805133427756536e-10
0.10158452591012836 3.81891327761305e-10
0.10757449622918133 3.961990976284307e-10
0.11391766743293281 4.1097607954544753e-10
0.12063486614627524 4.2622752011605773e-10
0.12774814704398205 4.4198396481112405e-10
0.1352808652631372 4.582635141451455e-10
0.1432577530853917 4.750594132408351e-10
0.15170500114081778 4.923858373883301e-10
0.16065034439998038 5.102763443759109e-10
0.17012315323656285 5.287422838554645e-10
0.1801545298595364 5.477725735565415e-10
0.1907774104314875 5.673923152463146e-10
0.20202667320839296 5.876348477365824e-10
0.2139392530558974 6.084996542329699e-10
0.2265542627180867 6.299748437872415e-10
0.23991312123692105 6.520988916478946e-10
0.2540596899439689 6.748951237097003e-10
0.26904041647094523 6.983479624382677e-10
0.28490448725188594 7.224552476713253e-10
0.3017039890176729 7.472644787490598e-10
0.3194940798131405 7.72785548684567e-10
0.3383331700982785 7.989763340720959e-10
0.3582831145281292 8.258595733751388e-10
0.3794094150410637 8.534729647042709e-10
0.4017814359222344 8.81790234445086e-10
0.4254726315483265 9.107700953510156e-10
0.45056078756136475 9.404617147884227e-10
0.4771282762634274 9.708744612113301e-10
0.5052623270708041 1.0019482435027909e-09
0.5350553129155895 1.0336912420888202e-09
0.5666050535350561 1.0661486595204661e-09
0.6000151366445935 1.0992910954589207e-09
0.6353952580487463 1.1330708798946297e-09
0.6728615818070137 1.1675443484441972e-09
0.7125371216369752 1.2027230779734878e-09
0.7545521448069892 1.2385529336241083e-09
0.7990445998445825 1.2750480721130707e-09
0.8461605694648276 1.3122634493500485e-09
0.8960547502058123 1.3501865668225473e-09
0.9488909603460045 1.3887730491910268e-09
1.0048426777711428 1.4281043330713664e-09
1.064093609556678 1.4682331421362249e-09
1.1268382951358307 1.5090962432756192e-09
1.1932827450337153 1.5506960082726041e-09
1.2636451172646355 1.593032702674369e-09
1.338156433613425 1.6361318826927299e-09
1.417061338152582 1.6799912456958332e-09
1.5006189004856578 1.7246276672220246e-09
1.5891034663541959 1.770086133419073e-09
1.6828055584010375 1.8163254698286751e-09
1.782032830047484 1.8634393855589015e-09
1.887111075616162 1.9113874163421776e-09
1.9983853000162202 1.9602524513779134e-09
2.116220851502859 2.010045230559076e-09
2.24100462123052 2.060856094670548e-09
2.373146313538138 2.112678723184777e-09
2.51307979113727 2.1656277575535964e-09
2.6612644996197576 2.21972776701319e-09
2.818186975962017 2.275096192305166e-09
2.9843624459788636 2.3317596267187805e-09
3.160336515971812 2.3898331276804436e-09
3.3466869641260746 2.4493186804974688e-09
3.544025637537923 2.510320123615387e-09
3.753000461101073 2.572798840482442e-09
3.9742975648477152 2.6368255038408586e-09
4.208643536729135 2.702304622474288e-09
4.456807808232303 2.7692419762574742e-09
4.719605180665316 2.8374743015565544e-09
4.997898500406203 2.906939451656248e-09
5.29260149189881 2.977378016986764e-09
5.604681757697323 3.048683850283487e-09
5.935163955409651 3.1204874341888693e-09
6.2851331619704 3.1926533977045527e-09
6.655738436289486 3.213916744840156e-09
7.048196591973804 3.1329817933597967e-09
7.4637961925086636 3.017784525595722e-09
7.9039017820168525 2.893767105728936e-09
8.369958365485845 2.773637191824916e-09
8.863496153173362 2.66357276811869e-09
9.386135584768665 2.566141101898565e-09
9.939592649805423 2.4818923951271704e-09
10.525684521794721 2.410521189978335e-09
11.146335524576836 2.351112687099727e-09
11.803583450481295 2.302787666884553e-09
12.499586251039695 2.264562520722241e-09
13.236629122218798 2.235568256301221e-09
14.017132007437255 2.215129045942841e-09
14.843657543000408 2.2025534544943732e-09
15.718919472040852 2.1974603165744033e-09
16.645791554590183 2.1994213419921855e-09
17.62731700303644 2.2082293395386234e-09
18.66671847394689 2.2237320254650417e-09
19.767408649062517 2.2449828558599736e-09
20.93300144020501 2.2620508211826387e-09
22.16732385488507 2.2684901979778577e-09
23.474428561571113 2.2399890358755787e-09
24.85860719587356 2.2002052801099466e-09
26.324404451333603 2.0479741822165677e-09
27.87663300108077 1.6749416015059327e-09
29.520389299351393 1.3585807535930822e-09
31.261070314749798 1.1261363281704396e-09
33.10439125019264 9.58666006743146e-10
35.05640430771675 8.373537748001977e-10
37.12351855976065 7.479733626027239e-10
39.31252099216369 6.812679354225877e-10
41.63059878797418 6.309017683705139e-10
44.08536292523045 5.926823249267334e-10
46.684873166193974 5.636849441600904e-10
49.43766452008244 5.41804279515224e-10
52.35277526618744 5.258054236115624e-10
55.439776629386614 5.143415969271503e-10
58.70880420548358 5.069572029456106e-10
62.17059123955471 5.027310268811383e-10
65.83650386656619 5.015908181670473e-10
69.71857842996798 5.02885884800032e-10
73.82956100079308 5.066494925194492e-10
78.18294922701465 5.12471245527911e-10
82.7930366505674 5.203988336663875e-10
87.67495963753807 5.302481895920582e-10
92.84474707561333 5.419554354311231e-10
98.31937300195676 5.555620555752579e-10
104.11681233430794 5.70918869921666e-10
110.25609988828711 5.882422444913583e-10
116.75739287467808 6.072437462482637e-10
123.64203708188784 6.28082133179765e-10
130.9326369608791 6.50923367638167e-10
138.65312984268715 6.763206237224594e-10
146.8288645322035 7.03222300936406e-10
155.48668453626811 7.322600124165124e-10
164.65501619934204 7.639663329236331e-10
174.3639620361304 7.980667369670617e-10
184.64539956759984 8.343964840212091e-10
195.53308598489997 8.73776220692466e-10
207.06276898483398 9.155629721169425e-10
219.27230414078272 9.608376419229224e-10
232.20177919445044 1.0087704431062937e-09
245.8936456765221 1.0608119920729896e-09
260.39285828838325 1.1159931205234761e-09
275.7470225025339 1.1753055093027308e-09
292.0065508663194 1.2389216373085815e-09
309.22482852216785 1.3073403986770134e-09
327.45838848779374 1.3801628783370687e-09
346.7670972718665 1.458689402955276e-09
367.2143514345753 1.5428013824822166e-09
388.8672857384615 1.6335028193645774e-09
411.79699357294766 1.730732048765624e-09
436.07876037628336 1.835606953069935e-09
461.7923108213012 1.9483754176838568e-09
489.02207057657836 2.0703908038358774e-09
517.8574435024419 2.202220074007108e-09
548.3931051919448 2.3449817574748458e-09
580.7293138206004 2.4997035614156085e-09
614.972239325484 2.6677863609463056e-09
651.2343119945065 2.8505477950770164e-09
689.6345916103901 3.0515090233045954e-09
730.2991583613633 3.2701542413711914e-09
773.3615268020442 3.5112589300636728e-09
818.9630842236959 3.778851314687466e-09
867.2535548731321 4.0705422209501375e-09
918.3914915445005 4.396478483520434e-09
972.5447961579324 4.7614717794212546e-09
1029.8912710343284 5.1812617274096885e-09
1090.6192026762494 5.652975664176757e-09
1154.9279799717144 6.179353123111609e-09
1223.0287488505746 6.7813735389094994e-09
1295.145105542976 7.471610441810893e-09
1371.5138307160696 8.271767473069815e-09
1452.3856668993465 9.207849222920077e-09
1538.0261417512104 1.0315591849041403e-08
1628.7164398697214 1.1637543871689636e-08
1724.7543260100265 1.321571900134841e-08
1826.45512273962 1.5120811668533498e-08
1934.152745741487 1.7428642627577357e-08
2048.200800164222 2.0237426848550292e-08
2168.973741618889 2.3619743318208053e-08
2296.868105634499 2.7655142835456843e-08
2432.3038096087607 3.2386269429459964e-08
2575.7255315289394 3.77995950341936e-08
2727.604169989433 4.3602583007012585e-08
2888.438390299888 4.9479581526266466e-08
3058.7562617601134 5.4877030869009997e-08
3239.1169914776438 5.881096319417733e-08
3430.112760420406 6.032888961269111e-08
3632.3706677329965 5.855067967896676e-08
3846.5547897002343 5.3167649154669216e-08
4073.368360118421 4.437535304473472e-08
4313.556079232889 3.3485265337789977e-08
4567.906558822999 2.245763374426112e-08
4837.254911462508 1.3078138709245645e-08
5122.485492456579 6.408976972992385e-09
5424.534803458329 2.4101638851721993e-09
5744.394567298072 0.0
